51
81
205
422
424
425
426
427
429
431
432
434
435
463
477
478
493
499
614
1514
1625
1842
2086
2182
2937
3345
3457
4296
4762
4846
295050
295250
295413
295467
295671
295832
296381
296482
296596
296758
297059
297136
297148
297149
297150
297151
297152
297153
297154
297155
297156
297157
297158
297159
297160
297161
297162
297163
297164
297165
297166
297167
297168
297169
297170
297171
297172
297173
297174
297175
297176
297177
297178
297179
297180
297181
297182
297183
297184
297185
297186
297187
297188
297189
297190
297191
297192
297193
297194
297195
297196
297197
297198
297199
297200
297201
297202
297203
297204
297205
297206
297207
297209
297212
297213
297214
297215
297216
297217
297218
297219
297220
297221
297222
297223
297224
297225
297226
297227
297378
297503
298213
299038
299176
299178
299181
299184
299186
299308
299309
299444
299946
